Mean color of all country flags (R, G, B)
af: [0.31530920060331824, 0.2751131221719457, 0.17352941176470588]
za: [0.3684162895927602, 0.37926093514328807, 0.3765761689291101]
ax: [0.3968627450980392, 0.3941478129713424, 0.4064253393665158]
al: [0.8664145658263306, 0.0, 0.0]
dz: [0.527420814479638, 0.6634087481146305, 0.5857013574660633]
de: [0.6222222222222222, 0.269281045751634, 0.0]
ad: [0.6014705882352941, 0.33939775910364145, 0.3127731092436975]
ao: [0.42835595776772245, 0.051070889894419304, 0.0885369532428356]
ai: [0.23315686274509803, 0.25741176470588234, 0.46398039215686276]
aq: [0.4713273001508296, 0.6511613876319758, 0.8685369532428356]
ag: [0.530105580693816, 0.1988838612368024, 0.2387179487179487]
sa: [0.06879336349924585, 0.46304675716440424, 0.26209653092006036]
ar: [0.6335143288084465, 0.7736802413273002, 0.89710407239819]
am: [0.5996078431372549, 0.28627450980392155, 0.23254901960784313]
aw: [0.35352941176470587, 0.5884917043740573, 0.7634539969834088]
au: [0.1926078431372549, 0.2143921568627451, 0.45498039215686276]
at: [0.9529411764705882, 0.4407239819004525, 0.48295625942684767]
az: [0.39619607843137256, 0.5128039215686274, 0.45488235294117646]
bs: [0.21466666666666667, 0.43223529411764705, 0.346]
bh: [0.8702941176470588, 0.36970588235294116, 0.4253267973856209]
bd: [0.20738562091503268, 0.36098039215686273, 0.294640522875817]
bb: [0.2969079939668175, 0.33075414781297136, 0.3755052790346908]
by: [0.5810588235294117, 0.25688235294117645, 0.19227450980392158]
be: [0.6366666666666667, 0.34627450980392155, 0.16058823529411764]
bz: [0.365, 0.2109967320261438, 0.5179084967320261]
bj: [0.5695927601809955, 0.4776470588235294, 0.20597285067873303]
bm: [0.7417450980392157, 0.22554901960784313, 0.31923529411764706]
bt: [1.0, 0.6357616892911011, 0.2198340874811463]
bo: [0.603781512605042, 0.5104481792717087, 0.10700280112044817]
bq: [0.47159879336349925, 0.5243288084464555, 0.6387028657616893]
ba: [0.28758823529411764, 0.33594117647058824, 0.46050980392156865]
bw: [0.4036802413273001, 0.5804524886877828, 0.7011161387631976]
bv: [0.7567058823529412, 0.3163921568627451, 0.3726013071895425]
br: [0.1842156862745098, 0.6017366946778712, 0.228781512605042]
bn: [0.7920588235294118, 0.701156862745098, 0.27588235294117647]
bg: [0.6130718954248366, 0.5790849673202615, 0.5006535947712418]
bf: [0.48013574660633485, 0.4041176470588235, 0.2274660633484163]
bi: [0.6371078431372549, 0.6141503267973856, 0.47305555555555556]
cv: [0.2484640522875817, 0.34833333333333333, 0.5952941176470589]
ky: [0.23398039215686275, 0.2554313725490196, 0.4525294117647059]
kh: [0.44835595776772247, 0.18441930618401206, 0.46546003016591253]
cm: [0.6014177978883861, 0.4668627450980392, 0.19987933634992458]
ca: [1.0, 0.36284313725490197, 0.36284313725490197]
cl: [0.7604072398190045, 0.46211161387631977, 0.5041025641025642]
cn: [0.8735897435897436, 0.17734539969834087, 0.06125188536953243]
cx: [0.13090196078431374, 0.3716470588235294, 0.45825490196078433]
cy: [0.9759125188536953, 0.9443740573152338, 0.9006938159879336]
cc: [0.09686274509803922, 0.5375882352941177, 0.0]
co: [0.6962292609351433, 0.481447963800905, 0.2244343891402715]
km: [0.6349509803921569, 0.591045751633987, 0.4492156862745098]
cg: [0.6147511312217194, 0.530920060331825, 0.22429864253393667]
cd: [0.2889803921568627, 0.4554901960784314, 0.7060261437908497]
ck: [0.20505882352941177, 0.23705882352941177, 0.46780392156862743]
kr: [0.8485972850678734, 0.8205429864253394, 0.8477073906485671]
kp: [0.6360392156862745, 0.2682156862745098, 0.3990196078431373]
cr: [0.5994281045751634, 0.43666666666666665, 0.5692483660130719]
ci: [0.6558823529411765, 0.7056862745098039, 0.458657616892911]
hr: [0.6902941176470588, 0.3631372549019608, 0.5265686274509804]
cu: [0.47480392156862744, 0.4051764705882353, 0.6164705882352941]
cw: [0.13889894419306184, 0.2755052790346908, 0.4541478129713424]
dk: [0.8282091503267974, 0.26726797385620915, 0.3758692810457516]
dj: [0.45920060331825036, 0.7640422322775264, 0.6568778280542986]
do: [0.574027149321267, 0.3780542986425339, 0.4774358974358974]
dm: [0.2417058823529412, 0.4471764705882353, 0.29549019607843136]
eg: [0.6012066365007541, 0.351447963800905, 0.37096530920060333]
sv: [0.30597147950089126, 0.5003565062388592, 0.7614973262032085]
ae: [0.5002941176470588, 0.3629411764705882, 0.2961764705882353]
ec: [0.7362292609351433, 0.5335595776772247, 0.19856711915535444]
er: [0.5448627450980392, 0.3568235294117647, 0.36149019607843136]
es: [0.871236802413273, 0.3860331825037707, 0.07539969834087482]
ee: [0.3330316742081448, 0.4820211161387632, 0.6023831070889895]
us: [0.7237254901960785, 0.4792335115864528, 0.5478609625668449]
et: [0.5172156862745098, 0.4404901960784314, 0.20247058823529412]
fk: [0.2265294117647059, 0.26150980392156864, 0.4775098039215686]
fo: [0.8037647058823529, 0.718483660130719, 0.7938300653594771]
fj: [0.5019803921568627, 0.6138823529411764, 0.7686274509803922]
fi: [0.6051960784313726, 0.6866339869281046, 0.8034640522875817]
fr: [0.6429411764705882, 0.4323529411764706, 0.6025490196078431]
ga: [0.40522875816993464, 0.6326797385620915, 0.41045751633986927]
gm: [0.4669683257918552, 0.3134238310708899, 0.334841628959276]
ge: [1.0, 0.6446907993966817, 0.6446907993966817]
gs: [0.20829411764705882, 0.22801960784313727, 0.4339607843137255]
gh: [0.5745098039215686, 0.41502262443438914, 0.15809954751131222]
gi: [0.8927254901960784, 0.5512156862745098, 0.5627843137254902]
gr: [0.4741628959276018, 0.6503469079939668, 0.8260935143288084]
gd: [0.6122712418300653, 0.4358006535947712, 0.195359477124183]
gl: [0.9078733031674208, 0.5234238310708899, 0.599683257918552]
gp: [0.18639517345399698, 0.21877828054298643, 0.1593815987933635]
gu: [0.14042780748663103, 0.1841354723707665, 0.4592691622103387]
gt: [0.5107390648567119, 0.7158974358974359, 0.8578883861236802]
gg: [0.9705580693815988, 0.7050980392156863, 0.6783107088989442]
gn: [0.5986274509803922, 0.4885972850678733, 0.20372549019607844]
gw: [0.5825294117647059, 0.5002352941176471, 0.1705686274509804]
gq: [0.6057466063348417, 0.5421719457013575, 0.388446455505279]
gy: [0.4090359477124183, 0.5436764705882353, 0.2661764705882353]
gf: [0.5225339366515838, 0.6904374057315233, 0.1097737556561086]
ht: [0.4258986928104575, 0.12926470588235295, 0.4275980392156863]
hm: [0.2021764705882353, 0.11145098039215687, 0.5461372549019607]
hn: [0.31954901960784315, 0.6262549019607843, 0.8716274509803922]
hk: [0.8812669683257919, 0.22971342383107088, 0.14021116138763198]
hu: [0.6890196078431372, 0.5333333333333333, 0.5149019607843137]
im: [0.8158823529411765, 0.11903921568627451, 0.19998039215686275]
um: [0.7237254901960785, 0.4792335115864528, 0.5478609625668449]
vg: [0.21803921568627452, 0.25666666666666665, 0.43411764705882355]
vi: [0.8883559577677225, 0.8719457013574661, 0.7991704374057316]
in: [0.6704524886877828, 0.691236802413273, 0.4005128205128205]
io: [0.519921568627451, 0.5117843137254902, 0.6227254901960785]
id: [1.0, 0.49984917043740573, 0.49984917043740573]
ir: [0.6778074866310161, 0.5498752228163993, 0.4319786096256685]
iq: [0.5776168929110106, 0.34250377073906485, 0.36392156862745095]
ie: [0.6952941176470588, 0.7135294117647059, 0.542156862745098]
is: [0.3235994397759104, 0.3995378151260504, 0.6060644257703082]
il: [0.6508888888888889, 0.7271241830065359, 0.9020915032679738]
it: [0.6025490196078431, 0.58, 0.49627450980392157]
jm: [0.3187450980392157, 0.4685490196078431, 0.07686274509803921]
jp: [0.9485972850678733, 0.8044645550527904, 0.8387933634992458]
je: [0.9492320261437909, 0.7552450980392157, 0.766062091503268]
jo: [0.3997058823529412, 0.3491764705882353, 0.3033529411764706]
kz: [0.08090196078431372, 0.6934705882352942, 0.7302549019607844]
ke: [0.3287782805429864, 0.2269683257918552, 0.11122171945701358]
kg: [1.0, 0.09588235294117647, 0.0]
ki: [0.6571764705882353, 0.3495686274509804, 0.3699019607843137]
kw: [0.48586274509803923, 0.4088627450980392, 0.3632941176470588]
la: [0.4892911010558069, 0.18380090497737556, 0.32883861236802414]
ls: [0.36745098039215685, 0.5801206636500754, 0.6329110105580694]
lv: [0.6956862745098039, 0.35058823529411764, 0.3788235294117647]
lb: [0.8955957767722473, 0.5317797888386123, 0.524343891402715]
lr: [0.7824420677361854, 0.447825311942959, 0.544795008912656]
ly: [0.27231372549019606, 0.1664313725490196, 0.09858823529411764]
li: [0.4266013071895425, 0.12866013071895424, 0.30526143790849675]
lt: [0.5830065359477125, 0.43137254901960786, 0.17254901960784313]
lu: [0.6431372549019608, 0.5973856209150327, 0.6980392156862745]
mo: [0.12956259426847663, 0.4984917043740573, 0.42413273001508295]
mk: [0.8638431372549019, 0.360921568627451, 0.13176470588235295]
mg: [0.6628355957767722, 0.5777375565610859, 0.4746003016591252]
my: [0.682843137254902, 0.3983921568627451, 0.4674313725490196]
mw: [0.3753544494720965, 0.23107088989441932, 0.12558069381598794]
mv: [0.5649170437405732, 0.21438914027149322, 0.223710407239819]
ml: [0.6247058823529412, 0.5317345399698341, 0.153921568627451]
mt: [0.8973303167420814, 0.5249019607843137, 0.570422322775264]
mp: [0.1871764705882353, 0.5089019607843137, 0.7225294117647059]
ma: [0.7454901960784314, 0.15616892911010558, 0.17659125188536953]
mh: [0.22522281639928698, 0.3536898395721925, 0.5826559714795009]
mq: [0.43423831070889896, 0.518763197586727, 0.7124886877828054]
mu: [0.5049773755656108, 0.441025641025641, 0.24193061840120664]
mr: [0.29312217194570134, 0.3376621417797888, 0.2020814479638009]
yt: [0.8830920060331825, 0.840814479638009, 0.8467269984917044]
mx: [0.5790017825311943, 0.4645811051693405, 0.44180035650623883]
fm: [0.47771836007130125, 0.7079857397504457, 0.8711229946524064]
md: [0.5465294117647059, 0.32903921568627453, 0.3001372549019608]
mc: [0.903921568627451, 0.5333333333333333, 0.5745098039215686]
mn: [0.5790392156862745, 0.261921568627451, 0.3517647058823529]
me: [0.773921568627451, 0.16254901960784313, 0.07674509803921568]
ms: [0.18601960784313726, 0.2412549019607843, 0.44950980392156864]
mz: [0.48665158371040723, 0.43835595776772246, 0.20242835595776773]
mm: [0.7675414781297134, 0.5909200603318251, 0.2235444947209653]
na: [0.3431372549019608, 0.3720211161387632, 0.36980392156862746]
nr: [0.10592156862745097, 0.23788235294117646, 0.4770980392156863]
np: [0.8114460784313725, 0.5594607843137255, 0.6654493464052288]
ni: [0.3286601307189542, 0.5986111111111111, 0.842140522875817]
ne: [0.6368627450980392, 0.6355017301038063, 0.3467128027681661]
ng: [0.3331372549019608, 0.6861176470588235, 0.5449019607843137]
nu: [0.8969411764705882, 0.7535686274509804, 0.12872549019607843]
nf: [0.3123921568627451, 0.6386470588235295, 0.4522745098039216]
no: [0.7567058823529412, 0.3163921568627451, 0.3726013071895425]
nc: [0.35515686274509806, 0.4228823529411765, 0.3255686274509804]
nz: [0.1833921568627451, 0.20890196078431372, 0.44619607843137254]
om: [0.6824509803921569, 0.43766666666666665, 0.32162745098039214]
ug: [0.648235294117647, 0.3384917043740573, 0.04484162895927602]
uz: [0.42580392156862745, 0.7343921568627451, 0.6228235294117647]
pk: [0.31947209653092007, 0.49082956259426846, 0.39177978883861236]
pw: [0.18378582202111615, 0.6733936651583711, 0.8162141779788838]
ps: [0.37701960784313726, 0.39437254901960783, 0.33750980392156865]
pa: [0.7035595776772248, 0.5247963800904978, 0.5873303167420815]
pg: [0.432156862745098, 0.0923921568627451, 0.08873202614379085]
py: [0.6049910873440285, 0.4576470588235294, 0.5856327985739751]
nl: [0.6041930618401207, 0.4615082956259427, 0.5673906485671192]
pe: [0.9003921568627451, 0.3749019607843137, 0.42470588235294116]
ph: [0.5329411764705883, 0.32298039215686275, 0.5018823529411764]
pn: [0.21290196078431373, 0.25066666666666665, 0.4203137254901961]
pl: [0.9312217194570136, 0.539366515837104, 0.6177978883861237]
pf: [0.8833031674208145, 0.49493212669683256, 0.5327752639517346]
pr: [0.7035444947209654, 0.3829562594268477, 0.5507692307692308]
pt: [0.6513876319758672, 0.21745098039215685, 0.02942684766214178]
qa: [0.6965196078431373, 0.3929901960784314, 0.4835294117647059]
sy: [0.5718552036199095, 0.33918552036199096, 0.359185520361991]
cf: [0.5964253393665159, 0.5557466063348416, 0.3762292609351433]
re: [0.4811764705882353, 0.3609954751131222, 0.6479034690799397]
ro: [0.5986274509803922, 0.35137254901960785, 0.24411764705882352]
gb: [0.6531960784313725, 0.41852941176470587, 0.5381764705882353]
ru: [0.6111613876319759, 0.4636500754147813, 0.5894419306184012]
rw: [0.29283559577677226, 0.6176621417797888, 0.47945701357466064]
eh: [0.36941176470588233, 0.38394117647058823, 0.3204705882352941]
bl: [0.9129562594268477, 0.8846757164404223, 0.8547963800904977]
kn: [0.3733031674208145, 0.31969834087481147, 0.16642533936651585]
sm: [0.6482875816993464, 0.7984183006535948, 0.8592941176470589]
mf: [0.6429411764705882, 0.4323529411764706, 0.6025490196078431]
sx: [0.540105580693816, 0.2971945701357466, 0.4340422322775264]
pm: [0.40588235294117647, 0.5616289592760181, 0.4885067873303167]
va: [0.9939411764705882, 0.9229705882352941, 0.4618333333333333]
vc: [0.4277073906485671, 0.5444796380090497, 0.2283107088989442]
sh: [0.19103921568627452, 0.22547058823529412, 0.44584313725490193]
lc: [0.446156862745098, 0.7765490196078432, 0.8947254901960784]
sb: [0.1822156862745098, 0.4027450980392157, 0.43586274509803924]
ws: [0.6149411764705882, 0.09954901960784314, 0.24082352941176471]
as: [0.418921568627451, 0.33515686274509804, 0.5278235294117647]
st: [0.453921568627451, 0.6146274509803922, 0.11549019607843138]
sn: [0.6033634992458522, 0.5113725490196078, 0.21360482654600302]
rs: [0.6705429864253394, 0.5058371040723982, 0.5543438914027149]
sc: [0.6124117647058823, 0.4852549019607843, 0.4071372549019608]
sl: [0.37254901960784315, 0.7188838612368024, 0.6679034690799397]
sg: [0.9666214177978883, 0.6029713423831071, 0.6326244343891403]
sk: [0.719260935143288, 0.4638009049773756, 0.5651131221719456]
si: [0.660921568627451, 0.44607843137254904, 0.6278235294117647]
so: [0.2918099547511312, 0.5601206636500754, 0.8732277526395174]
sd: [0.48533333333333334, 0.33488235294117646, 0.32872549019607844]
ss: [0.2643921568627451, 0.2905686274509804, 0.2785686274509804]
lk: [0.713078431372549, 0.43070588235294116, 0.1681764705882353]
se: [0.2923378582202112, 0.5279939668174962, 0.46244343891402717]
ch: [1.0, 0.19937254901960785, 0.19937254901960785]
sr: [0.5752639517345399, 0.43520361990950224, 0.36742081447963804]
sj: [0.7567058823529412, 0.3163921568627451, 0.3726013071895425]
sz: [0.5307541478129714, 0.34953242835595777, 0.37030165912518853]
tj: [0.6574509803921569, 0.5389411764705883, 0.41062745098039216]
tw: [0.7784162895927602, 0.03149321266968326, 0.15911010558069383]
tz: [0.15321266968325792, 0.49027149321266966, 0.3271342383107089]
td: [0.5909803921568627, 0.3305882352941176, 0.19333333333333333]
cz: [0.7076621417797888, 0.47194570135746605, 0.5367420814479638]
tf: [0.1590346907993967, 0.2326395173453997, 0.6104826546003017]
th: [0.5922171945701358, 0.4065761689291101, 0.48380090497737555]
tl: [0.7517058823529412, 0.19358823529411764, 0.12441176470588235]
tg: [0.5102287581699346, 0.48965686274509806, 0.20720588235294118]
tk: [0.2832156862745098, 0.3244313725490196, 0.30501960784313725]
to: [0.798, 0.16931372549019608, 0.16931372549019608]
tt: [0.6952777777777778, 0.17282679738562093, 0.246421568627451]
tn: [0.9153242835595776, 0.10048265460030166, 0.1671794871794872]
tm: [0.12170437405731524, 0.4827149321266968, 0.24098039215686273]
tc: [0.20433333333333334, 0.2515686274509804, 0.42054901960784313]
tr: [0.8973303167420814, 0.101236802413273, 0.14891402714932125]
tv: [0.19380392156862744, 0.5478039215686274, 0.6882745098039216]
ua: [0.5001508295625943, 0.596078431372549, 0.3665158371040724]
uy: [0.625475113122172, 0.6932730015082956, 0.8248114630467571]
vu: [0.3630392156862745, 0.2873366013071895, 0.152140522875817]
ve: [0.6241478129713424, 0.3569683257918552, 0.22941176470588234]
vn: [0.8647058823529412, 0.20301659125188537, 0.10576168929110105]
wf: [0.8876923076923077, 0.2411764705882353, 0.31817496229260933]
ye: [0.602684766214178, 0.3553242835595777, 0.38277526395173456]
zm: [0.2359426847662142, 0.4623378582202112, 0.004268476621417798]
zw: [0.5735098039215686, 0.44213725490196076, 0.13376470588235295]
